PHPSESSID=804cf06dd34684be657b313be055e8f0; _ga=GA1.1.369829207.1750374575; _ga_X67PVRK9F0=GS2.1.s1750374575$o1$g0$t1750374584$j51$l0$h0
PHPSESSID=c11b6e2dd4be3cbd1559747c7e51b9fd; _ga_X67PVRK9F0=GS2.1.s1750374688$o1$g0$t1750374688$j60$l0$h0; _ga=GA1.1.641690796.1750374689
PHPSESSID=4a6dc92ea0e2089e37361623ee12150d; _ga_X67PVRK9F0=GS2.1.s1750374710$o1$g0$t1750374710$j60$l0$h0; _ga=GA1.1.325460453.1750374711
PHPSESSID=1975344cbee8e4fe7da7ae883f902edb; _ga_X67PVRK9F0=GS2.1.s1750374731$o1$g0$t1750374731$j60$l0$h0; _ga=GA1.1.916171456.1750374731
PHPSESSID=6e0c53443cdb1a537eedab68f3b13958; _ga_X67PVRK9F0=GS2.1.s1750374751$o1$g0$t1750374751$j60$l0$h0; _ga=GA1.1.1337276164.1750374754
