PHPSESSID=4df0146f7140cf47aadba54968ba5f19; _ga=GA1.1.1651784433.1750221815; _ga_X67PVRK9F0=GS2.1.s1750221815$o1$g1$t1750221823$j52$l0$h0; quality=m4a
PHPSESSID=7d729228a717e5548fd289bb1eb7340c; _ga=GA1.1.395690249.1750221861; _ga_X67PVRK9F0=GS2.1.s1750221860$o1$g1$t1750221870$j50$l0$h0; quality=m4a
PHPSESSID=155f2026741480854f347bf73179d10b; _ga=GA1.1.506222943.1750221901; _ga_X67PVRK9F0=GS2.1.s1750221900$o1$g1$t1750221912$j48$l0$h0; quality=m4a
PHPSESSID=b70483c0f518d74948db2bfecaf3ecdd; _ga=GA1.1.1769469486.1750221942; _ga_X67PVRK9F0=GS2.1.s1750221941$o1$g1$t1750221951$j50$l0$h0; quality=m4a
PHPSESSID=a0c8275de7a5cbd905bca4970403d280; _ga=GA1.1.782923642.1750221977; _ga_X67PVRK9F0=GS2.1.s1750221977$o1$g1$t1750221984$j53$l0$h0; quality=m4a
